Layer_index,Shape,Weight Size,Input Size,Output Size,f_read,f_write,f_flops,f_peakmem,b_read,b_write,b_flops,b_peakmem
0,"Conv2d(3, 32, kernel_size=(3, 3), stride=(2, 2), padding=(1, 1), bias=False)",3456,602112,1605632,102763904,102760448,693633024,14019488,244059520,141299072,2080899072,-191501408
1,"BatchNorm2d(32, eps=1e-05, momentum=0.1, affine=True, track_running_stats=True)",256,1605632,1605632,102760704,102760448,128450560,14019488,38538624,205521152,385351680,-88740960
2,"Conv2d(32, 32, kernel_size=(3, 3), stride=(1, 1), padding=(1, 1), groups=32, bias=False)",1152,1605632,1605632,102761600,102760448,231211008,14019488,308281600,205522048,693633024,14019488
3,"BatchNorm2d(32, eps=1e-05, momentum=0.1, affine=True, track_running_stats=True)",256,1605632,1605632,102760704,102760448,128450560,14019488,102760704,205521152,385351680,116779936
4,"Conv2d(32, 16, kernel_size=(1, 1), stride=(1, 1), bias=False)",2048,1605632,802816,51382272,51380224,411041792,14019488,308282496,154142720,1233125376,219540384
5,"BatchNorm2d(16, eps=1e-05, momentum=0.1, affine=True, track_running_stats=True)",128,802816,802816,51380352,51380224,64225280,14019488,102761600,102760576,192675840,270920608
6,"Conv2d(16, 96, kernel_size=(1, 1), stride=(1, 1), bias=False)",6144,802816,4816896,308287488,308281344,1233125376,14019488,308281600,359667712,3699376128,322300832
7,"BatchNorm2d(96, eps=1e-05, momentum=0.1, affine=True, track_running_stats=True)",768,4816896,4816896,308282112,308281344,385351680,14019488,102760704,616563456,1156055040,322300832
8,"Conv2d(96, 96, kernel_size=(3, 3), stride=(2, 2), padding=(1, 1), groups=96, bias=False)",3456,4816896,1204224,77073792,77070336,173408256,14019488,205522944,385355136,520224768,630582176
9,"BatchNorm2d(96, eps=1e-05, momentum=0.1, affine=True, track_running_stats=True)",768,1204224,1204224,77071104,77070336,96337920,14019488,102762496,154141440,289013760,707652512
10,"Conv2d(96, 24, kernel_size=(1, 1), stride=(1, 1), bias=False)",9216,1204224,301056,19276800,19267584,462422016,14019488,154140800,96347136,1387266048,784722848
11,"BatchNorm2d(24, eps=1e-05, momentum=0.1, affine=True, track_running_stats=True)",192,301056,301056,19267776,19267584,24084480,14019488,51380352,38535360,72253440,803990432
12,"Conv2d(24, 144, kernel_size=(1, 1), stride=(1, 1), bias=False)",13824,301056,1806336,115619328,115605504,693633024,14019488,667949056,134886912,2080899072,823258016
13,"BatchNorm2d(144, eps=1e-05, momentum=0.1, affine=True, track_running_stats=True)",1152,1806336,1806336,115606656,115605504,144506880,14019488,51386368,231212160,433520640,129624992
14,"Conv2d(144, 144, kernel_size=(3, 3), stride=(1, 1), padding=(1, 1), groups=144, bias=False)",5184,1806336,1806336,115610688,115605504,260112384,14019488,924844800,231216192,780337152,245230496
15,"BatchNorm2d(144, eps=1e-05, momentum=0.1, affine=True, track_running_stats=True)",1152,1806336,1806336,115606656,115605504,144506880,14019488,308282112,231212160,433520640,360836000
16,"Conv2d(144, 24, kernel_size=(1, 1), stride=(1, 1), bias=False)",13824,1806336,301056,19281408,19267584,693633024,14019488,462425472,134886912,2080899072,476441504
17,"BatchNorm2d(24, eps=1e-05, momentum=0.1, affine=True, track_running_stats=True)",192,301056,301056,19267776,19267584,24084480,14019488,308284800,38535360,72253440,495709088
18,"Conv2d(24, 144, kernel_size=(1, 1), stride=(1, 1), bias=False)",13824,301056,1806336,115619328,115605504,693633024,14019488,231211776,134886912,2080899072,514976672
19,"BatchNorm2d(144, eps=1e-05, momentum=0.1, affine=True, track_running_stats=True)",1152,1806336,1806336,115606656,115605504,144506880,14019488,77071104,231212160,433520640,129624992
20,"Conv2d(144, 144, kernel_size=(3, 3), stride=(2, 2), padding=(1, 1), groups=144, bias=False)",5184,1806336,451584,28906560,28901376,65028096,14019488,115614720,144512064,195084288,245230496
21,"BatchNorm2d(144, eps=1e-05, momentum=0.1, affine=True, track_running_stats=True)",1152,451584,451584,28902528,28901376,36126720,14019488,77079552,57803904,108380160,274131872
22,"Conv2d(144, 32, kernel_size=(1, 1), stride=(1, 1), bias=False)",18432,451584,100352,6440960,6422528,231211008,14019488,57802944,35342336,693633024,303033248
23,"BatchNorm2d(32, eps=1e-05, momentum=0.1, affine=True, track_running_stats=True)",256,100352,100352,6422784,6422528,8028160,14019488,19267776,12845312,24084480,309455776
24,"Conv2d(32, 192, kernel_size=(1, 1), stride=(1, 1), bias=False)",24576,100352,602112,38559744,38535168,308281344,14019488,250492416,44982272,924844032,315878304
25,"BatchNorm2d(192, eps=1e-05, momentum=0.1, affine=True, track_running_stats=True)",1536,602112,602112,38536704,38535168,48168960,14019488,19281408,77071872,144506880,52554656
26,"Conv2d(192, 192, kernel_size=(3, 3), stride=(1, 1), padding=(1, 1), groups=192, bias=False)",6912,602112,602112,38542080,38535168,86704128,14019488,346817664,77077248,260112384,91089824
27,"BatchNorm2d(192, eps=1e-05, momentum=0.1, affine=True, track_running_stats=True)",1536,602112,602112,38536704,38535168,48168960,14019488,115606656,77071872,144506880,129624992
28,"Conv2d(192, 32, kernel_size=(1, 1), stride=(1, 1), bias=False)",24576,602112,100352,6447104,6422528,308281344,14019488,346821696,44982272,924844032,168160160
29,"BatchNorm2d(32, eps=1e-05, momentum=0.1, affine=True, track_running_stats=True)",256,100352,100352,6422784,6422528,8028160,14019488,115610688,12845312,24084480,174582688
30,"Conv2d(32, 192, kernel_size=(1, 1), stride=(1, 1), bias=False)",24576,100352,602112,38559744,38535168,308281344,14019488,346817664,44982272,924844032,181005216
31,"BatchNorm2d(192, eps=1e-05, momentum=0.1, affine=True, track_running_stats=True)",1536,602112,602112,38536704,38535168,48168960,14019488,115606656,77071872,144506880,52554656
32,"Conv2d(192, 192, kernel_size=(3, 3), stride=(1, 1), padding=(1, 1), groups=192, bias=False)",6912,602112,602112,38542080,38535168,86704128,14019488,154154496,77077248,260112384,91089824
33,"BatchNorm2d(192, eps=1e-05, momentum=0.1, affine=True, track_running_stats=True)",1536,602112,602112,38536704,38535168,48168960,14019488,115619328,77071872,144506880,129624992
34,"Conv2d(192, 32, kernel_size=(1, 1), stride=(1, 1), bias=False)",24576,602112,100352,6447104,6422528,308281344,14019488,57802944,44982272,924844032,168160160
35,"BatchNorm2d(32, eps=1e-05, momentum=0.1, affine=True, track_running_stats=True)",256,100352,100352,6422784,6422528,8028160,14019488,19267776,12845312,24084480,174582688
36,"Conv2d(32, 192, kernel_size=(1, 1), stride=(1, 1), bias=False)",24576,100352,602112,38559744,38535168,308281344,14019488,250492416,44982272,924844032,181005216
37,"BatchNorm2d(192, eps=1e-05, momentum=0.1, affine=True, track_running_stats=True)",1536,602112,602112,38536704,38535168,48168960,14019488,19281408,77071872,144506880,52554656
38,"Conv2d(192, 192, kernel_size=(3, 3), stride=(2, 2), padding=(1, 1), groups=192, bias=False)",6912,602112,150528,9640704,9633792,21676032,14019488,346817664,48175872,65028096,91089824
39,"BatchNorm2d(192, eps=1e-05, momentum=0.1, affine=True, track_running_stats=True)",1536,150528,150528,9635328,9633792,12042240,14019488,115606656,19269120,36126720,100723616
40,"Conv2d(192, 64, kernel_size=(1, 1), stride=(1, 1), bias=False)",49152,150528,50176,3260416,3211264,154140672,14019488,173413440,12894208,462422016,110357408
41,"BatchNorm2d(64, eps=1e-05, momentum=0.1, affine=True, track_running_stats=True)",512,50176,50176,3211776,3211264,4014080,14019488,115610688,6423040,12042240,113568672
42,"Conv2d(64, 384, kernel_size=(1, 1), stride=(1, 1), bias=False)",98304,50176,301056,19365888,19267584,308281344,14019488,86705280,22577152,924844032,116779936
43,"BatchNorm2d(384, eps=1e-05, momentum=0.1, affine=True, track_running_stats=True)",3072,301056,301056,19270656,19267584,24084480,14019488,28902528,38538240,72253440,33287072
44,"Conv2d(384, 384, kernel_size=(3, 3), stride=(1, 1), padding=(1, 1), groups=384, bias=False)",13824,301056,301056,19281408,19267584,43352064,14019488,41764864,38548992,130056192,52554656
45,"BatchNorm2d(384, eps=1e-05, momentum=0.1, affine=True, track_running_stats=True)",3072,301056,301056,19270656,19267584,24084480,14019488,28919808,38538240,72253440,71822240
46,"Conv2d(384, 64, kernel_size=(1, 1), stride=(1, 1), bias=False)",98304,301056,50176,3309568,3211264,308281344,14019488,19267840,22577152,924844032,91089824
47,"BatchNorm2d(64, eps=1e-05, momentum=0.1, affine=True, track_running_stats=True)",512,50176,50176,3211776,3211264,4014080,14019488,6422784,6423040,12042240,94301088
48,"Conv2d(64, 384, kernel_size=(1, 1), stride=(1, 1), bias=False)",98304,50176,301056,19365888,19267584,308281344,14019488,83517440,22577152,924844032,97512352
49,"BatchNorm2d(384, eps=1e-05, momentum=0.1, affine=True, track_running_stats=True)",3072,301056,301056,19270656,19267584,24084480,14019488,6447104,38538240,72253440,33287072
50,"Conv2d(384, 384, kernel_size=(3, 3), stride=(1, 1), padding=(1, 1), groups=384, bias=False)",13824,301056,301056,19281408,19267584,43352064,14019488,115607040,38548992,130056192,52554656
51,"BatchNorm2d(384, eps=1e-05, momentum=0.1, affine=True, track_running_stats=True)",3072,301056,301056,19270656,19267584,24084480,14019488,38536704,38538240,72253440,71822240
52,"Conv2d(384, 64, kernel_size=(1, 1), stride=(1, 1), bias=False)",98304,301056,50176,3309568,3211264,308281344,14019488,115612416,22577152,924844032,91089824
53,"BatchNorm2d(64, eps=1e-05, momentum=0.1, affine=True, track_running_stats=True)",512,50176,50176,3211776,3211264,4014080,14019488,38542080,6423040,12042240,94301088
54,"Conv2d(64, 384, kernel_size=(1, 1), stride=(1, 1), bias=False)",98304,50176,301056,19365888,19267584,308281344,14019488,115607040,22577152,924844032,97512352
55,"BatchNorm2d(384, eps=1e-05, momentum=0.1, affine=True, track_running_stats=True)",3072,301056,301056,19270656,19267584,24084480,14019488,38536704,38538240,72253440,33287072
56,"Conv2d(384, 384, kernel_size=(3, 3), stride=(1, 1), padding=(1, 1), groups=384, bias=False)",13824,301056,301056,19281408,19267584,43352064,14019488,51404800,38548992,130056192,52554656
57,"BatchNorm2d(384, eps=1e-05, momentum=0.1, affine=True, track_running_stats=True)",3072,301056,301056,19270656,19267584,24084480,14019488,38559744,38538240,72253440,71822240
58,"Conv2d(384, 64, kernel_size=(1, 1), stride=(1, 1), bias=False)",98304,301056,50176,3309568,3211264,308281344,14019488,19267840,22577152,924844032,91089824
59,"BatchNorm2d(64, eps=1e-05, momentum=0.1, affine=True, track_running_stats=True)",512,50176,50176,3211776,3211264,4014080,14019488,6422784,6423040,12042240,94301088
60,"Conv2d(64, 384, kernel_size=(1, 1), stride=(1, 1), bias=False)",98304,50176,301056,19365888,19267584,308281344,14019488,83517440,22577152,924844032,97512352
61,"BatchNorm2d(384, eps=1e-05, momentum=0.1, affine=True, track_running_stats=True)",3072,301056,301056,19270656,19267584,24084480,14019488,6447104,38538240,72253440,33287072
62,"Conv2d(384, 384, kernel_size=(3, 3), stride=(1, 1), padding=(1, 1), groups=384, bias=False)",13824,301056,301056,19281408,19267584,43352064,14019488,115607040,38548992,130056192,52554656
63,"BatchNorm2d(384, eps=1e-05, momentum=0.1, affine=True, track_running_stats=True)",3072,301056,301056,19270656,19267584,24084480,14019488,38536704,38538240,72253440,71822240
64,"Conv2d(384, 96, kernel_size=(1, 1), stride=(1, 1), bias=False)",147456,301056,75264,4964352,4816896,462422016,14019488,115612416,24231936,1387266048,91089824
65,"BatchNorm2d(96, eps=1e-05, momentum=0.1, affine=True, track_running_stats=True)",768,75264,75264,4817664,4816896,6021120,14019488,38542080,9634560,18063360,95906720
66,"Conv2d(96, 576, kernel_size=(1, 1), stride=(1, 1), bias=False)",221184,75264,451584,29122560,28901376,693633024,14019488,115607040,33939456,2080899072,100723616
67,"BatchNorm2d(576, eps=1e-05, momentum=0.1, affine=True, track_running_stats=True)",4608,451584,451584,28905984,28901376,36126720,14019488,38536704,57807360,108380160,42920864
68,"Conv2d(576, 576, kernel_size=(3, 3), stride=(1, 1), padding=(1, 1), groups=576, bias=False)",20736,451584,451584,28922112,28901376,65028096,14019488,51404800,57823488,195084288,71822240
69,"BatchNorm2d(576, eps=1e-05, momentum=0.1, affine=True, track_running_stats=True)",4608,451584,451584,28905984,28901376,36126720,14019488,38559744,57807360,108380160,100723616
70,"Conv2d(576, 96, kernel_size=(1, 1), stride=(1, 1), bias=False)",221184,451584,75264,5038080,4816896,693633024,14019488,19267840,33939456,2080899072,129624992
71,"BatchNorm2d(96, eps=1e-05, momentum=0.1, affine=True, track_running_stats=True)",768,75264,75264,4817664,4816896,6021120,14019488,6422784,9634560,18063360,134441888
72,"Conv2d(96, 576, kernel_size=(1, 1), stride=(1, 1), bias=False)",221184,75264,451584,29122560,28901376,693633024,14019488,83517440,33939456,2080899072,139258784
73,"BatchNorm2d(576, eps=1e-05, momentum=0.1, affine=True, track_running_stats=True)",4608,451584,451584,28905984,28901376,36126720,14019488,6447104,57807360,108380160,42920864
74,"Conv2d(576, 576, kernel_size=(3, 3), stride=(1, 1), padding=(1, 1), groups=576, bias=False)",20736,451584,451584,28922112,28901376,65028096,14019488,115607040,57823488,195084288,71822240
75,"BatchNorm2d(576, eps=1e-05, momentum=0.1, affine=True, track_running_stats=True)",4608,451584,451584,28905984,28901376,36126720,14019488,38536704,57807360,108380160,100723616
76,"Conv2d(576, 96, kernel_size=(1, 1), stride=(1, 1), bias=False)",221184,451584,75264,5038080,4816896,693633024,14019488,57809664,33939456,2080899072,129624992
77,"BatchNorm2d(96, eps=1e-05, momentum=0.1, affine=True, track_running_stats=True)",768,75264,75264,4817664,4816896,6021120,14019488,38542080,9634560,18063360,134441888
78,"Conv2d(96, 576, kernel_size=(1, 1), stride=(1, 1), bias=False)",221184,75264,451584,29122560,28901376,693633024,14019488,28902912,33939456,2080899072,139258784
79,"BatchNorm2d(576, eps=1e-05, momentum=0.1, affine=True, track_running_stats=True)",4608,451584,451584,28905984,28901376,36126720,14019488,9635328,57807360,108380160,42920864
80,"Conv2d(576, 576, kernel_size=(3, 3), stride=(2, 2), padding=(1, 1), groups=576, bias=False)",20736,451584,112896,7246080,7225344,16257024,14019488,16105472,36147456,48771072,71822240
81,"BatchNorm2d(576, eps=1e-05, momentum=0.1, affine=True, track_running_stats=True)",4608,112896,112896,7229952,7225344,9031680,14019488,9682944,14455296,27095040,79047584
82,"Conv2d(576, 160, kernel_size=(1, 1), stride=(1, 1), bias=False)",368640,112896,31360,2375680,2007040,289013760,14019488,9634304,9601024,867041280,86272928
83,"BatchNorm2d(160, eps=1e-05, momentum=0.1, affine=True, track_running_stats=True)",1280,31360,31360,2008320,2007040,2508800,14019488,3211776,4015360,7526400,88279968
84,"Conv2d(160, 960, kernel_size=(1, 1), stride=(1, 1), bias=False)",614400,31360,188160,12656640,12042240,481689600,14019488,41844736,14663680,1445068800,90287008
85,"BatchNorm2d(960, eps=1e-05, momentum=0.1, affine=True, track_running_stats=True)",7680,188160,188160,12049920,12042240,15052800,14019488,3309568,24092160,45158400,26061728
86,"Conv2d(960, 960, kernel_size=(3, 3), stride=(1, 1), padding=(1, 1), groups=960, bias=False)",34560,188160,188160,12076800,12042240,27095040,14019488,57805824,24119040,81285120,38103968
87,"BatchNorm2d(960, eps=1e-05, momentum=0.1, affine=True, track_running_stats=True)",7680,188160,188160,12049920,12042240,15052800,14019488,19270656,24092160,45158400,50146208
88,"Conv2d(960, 160, kernel_size=(1, 1), stride=(1, 1), bias=False)",614400,188160,31360,2621440,2007040,481689600,14019488,57816576,14663680,1445068800,62188448
89,"BatchNorm2d(160, eps=1e-05, momentum=0.1, affine=True, track_running_stats=True)",1280,31360,31360,2008320,2007040,2508800,14019488,19281408,4015360,7526400,64195488
90,"Conv2d(160, 960, kernel_size=(1, 1), stride=(1, 1), bias=False)",614400,31360,188160,12656640,12042240,481689600,14019488,57805824,14663680,1445068800,66202528
91,"BatchNorm2d(960, eps=1e-05, momentum=0.1, affine=True, track_running_stats=True)",7680,188160,188160,12049920,12042240,15052800,14019488,19270656,24092160,45158400,26061728
92,"Conv2d(960, 960, kernel_size=(3, 3), stride=(1, 1), padding=(1, 1), groups=960, bias=False)",34560,188160,188160,12076800,12042240,27095040,14019488,25788416,24119040,81285120,38103968
93,"BatchNorm2d(960, eps=1e-05, momentum=0.1, affine=True, track_running_stats=True)",7680,188160,188160,12049920,12042240,15052800,14019488,19365888,24092160,45158400,50146208
94,"Conv2d(960, 160, kernel_size=(1, 1), stride=(1, 1), bias=False)",614400,188160,31360,2621440,2007040,481689600,14019488,9634304,14663680,1445068800,62188448
95,"BatchNorm2d(160, eps=1e-05, momentum=0.1, affine=True, track_running_stats=True)",1280,31360,31360,2008320,2007040,2508800,14019488,3211776,4015360,7526400,64195488
96,"Conv2d(160, 960, kernel_size=(1, 1), stride=(1, 1), bias=False)",614400,31360,188160,12656640,12042240,481689600,26061728,41844736,14663680,1445068800,66202528
97,"BatchNorm2d(960, eps=1e-05, momentum=0.1, affine=True, track_running_stats=True)",7680,188160,188160,12049920,12042240,15052800,26061728,3309568,24092160,45158400,26061728
